glamorousZoomIn
^ self icons
		at: #glamorousZoomIn ifAbsentPut: [(Form
	extent: (16@16)
	depth: 32
	fromArray: #( 0 0 0 0 0 0 0 0 0 0 0 0 0 0 0 0 0 0 0 0 0 0 0 0 0 0 0 0 0 0 0 0 0 0 0 0 0 1644167168 3036676096 3640655872 3640655872 3036676096 1644167168 0 0 0 0 0 0 0 0 419430400 3120562176 2600468480 637534208 16777216 16777216 637534208 2600468480 3120562176 419430400 0 0 0 0 0 0 3120562176 1409286144 0 0 0 0 0 0 1409286144 3120562176 0 0 0 0 0 1644167168 2600468480 0 0 0 4278190080 4278190080 0 0 0 2600468480 1644167168 0 0 0 0 3036676096 637534208 0 0 0 4278190080 4278190080 0 0 0 637534208 3036676096 0 0 0 0 3640655872 16777216 0 4278190080 4278190080 4278190080 4278190080 4278190080 4278190080 0 16777216 3640655872 0 0 0 0 3640655872 16777216 0 4278190080 4278190080 4278190080 4278190080 4278190080 4278190080 0 16777216 3640655872 0 0 0 0 3036676096 637534208 0 0 0 4278190080 4278190080 0 0 0 637534208 3036676096 0 0 0 0 1644167168 2600468480 0 0 0 4278190080 4278190080 0 0 0 2600468480 1644167168 0 0 0 0 0 3120562176 1409286144 0 0 0 0 0 0 1409286144 3120562176 0 0 0 0 0 0 419430400 3120562176 2600468480 637534208 16777216 16777216 637534208 2600468480 3120562176 419430400 0 0 0 0 0 0 0 0 1644167168 3036676096 3640655872 3640655872 3036676096 1644167168 0 0 0 0 0 0 0 0 0 0 0 0 0 0 0 0 0 0 0 0 0 0 0 0 0 0 0 0 0 0 0 0 0 0 0 0 0)
	offset: (0@0))]